63 62 61 60 59 58 57 56
55 54 53 52 51 50 49 48
47 46 45 44 43 42 41 40
39 38 37 36 35 34 33 32
31 30 29 28 27 26 25 24 
23 22 21 20 19 18 17 16
16 14 13 12 11 10 09 08
07 06 05 04 03 02 01 00

// test

hor = 
11111111
10000001
10000001
11100001
10000001
10000001
10000001
11111111

ver = 
11111111
10000011
10000011
10000001
10000001
10000001
10000001
11111111

vehicle

a
00000000
00000000
00000000
01100000
00000000
00000000
00000000
00000000

b
00000000
00000010
00000010
00000000
00000000
00000000
00000000
00000000

11111111
10000001
10000001
10000001
10000001
10000001
10000001
11111111


map1.txt
1321321412321 1 

1111111111111001110011111111100111011111111111111111111111111111

1111111111111001110011111111100111011111111111111111111111111111

(2, 1)
(0, 0)
(0, 1)
(2, 0)
(5, 0)
(5, 3)
(4, 1)
(4, 3)
(3, 2)
(3, 4)
(1, 3)
(4, 5)
(1, 4)

(2, 1)
(0, 0)
(0, 1)
(2, 0)
(5, 0)
(5, 3)
(4, 1)
(4, 3)
(3, 2)
(3, 4)
(1, 3)
(4, 5)
(1, 4)